Complestatin|BGC0000326.1|AAK81824.1|_A2|Trp|A2
Pekiskomycin|JX026280|AGF91753.1|pek18_A3|Glu|A3,0.994
Vancomycin|BGC0000455.1|AEI58865.1|vcm2_A3|Asn|A3,1.111,0.7
Chloroeremomycin|BGC0000322.1|CAA11794.1|_A3|Asn|A3,1.111,0.718,0.175
Balhimycin|BGC0000311.1|CAC48360.1|bpsA_A3|Asn|A3,1.057,0.682,0.233,0.133
Pekiskomycin|JX026280|AGF91753.1|pek18_A2|Tyr|A2,1.097,0.923,1.111,1.182,1.071
A40926|BGC0000289.1|CAD91220.1|dbv25_A2|Tyr|A2,1.019,0.804,1.044,1.153,1.057,0.228
Teicoplanin|BGC0000440.1|CAE53350.1|tcp9_A2|Tyr|A2,0.982,0.846,1.084,1.139,1.019,0.17,0.175
A47934|BGC0000290.1|AAM80539.1|_A2|Tyr|A2,0.982,0.958,1.125,1.182,1.084,0.179,0.214,0.166
UK-68597|BGC0001178.1|AGS77307.1|_A2|Tyr|A2,0.994,0.934,1.097,1.153,1.044,0.188,0.192,0.154,0.158
Ristocetin|BGC0000418.1|AIE77057.1|_A2|Bht|A2,1.228,0.994,1.358,1.375,1.307,0.423,0.455,0.436,0.392,0.38
Ristomycin|BGC0000419.1|AIG79243.1|_A2|Bht|A2,1.228,0.982,1.358,1.375,1.307,0.423,0.436,0.436,0.392,0.38,0.019
Vancomycin|BGC0000455.1|AEI58865.1|vcm2_A2|Bht|A2,1.259,0.9,1.291,1.341,1.243,0.404,0.455,0.417,0.41,0.404,0.238,0.233
Chloroeremomycin|BGC0000322.1|CAA11794.1|_A2|Bht|A2,1.243,0.923,1.307,1.341,1.275,0.374,0.398,0.38,0.351,0.357,0.214,0.21,0.099
Balhimycin|BGC0000311.1|CAC48360.1|bpsA_A2|Bht|A2,1.243,0.946,1.275,1.324,1.259,0.363,0.392,0.363,0.351,0.329,0.233,0.228,0.118,0.07
Complestatin|BGC0000326.1|AAK81826.1|_A3|Tyr|A6,0.856,0.856,1.071,1.084,0.958,0.423,0.442,0.404,0.38,0.423,0.665,0.665,0.591,0.568,0.545
A47934|BGC0000290.1|AAM80537.1|_A3|Bht|A6,0.911,0.9,1.111,1.111,1.097,0.482,0.502,0.442,0.455,0.436,0.631,0.656,0.665,0.648,0.599,0.448
A40926|BGC0000289.1|CAD91212.1|dbv17_A3|Tyr|A6,0.982,0.97,1.071,1.139,1.097,0.436,0.488,0.404,0.442,0.429,0.64,0.656,0.64,0.64,0.583,0.392,0.183
UK-68597|BGC0001178.1|AGS77309.1|_A3|Bht|A6,0.923,0.982,1.084,1.084,1.057,0.448,0.524,0.448,0.482,0.488,0.674,0.7,0.709,0.709,0.665,0.455,0.192,0.162
Teicoplanin|BGC0000440.1|CAE53352.1|tcp11_A3|Bht|A6,0.878,0.946,1.057,0.994,0.946,0.429,0.455,0.398,0.436,0.442,0.623,0.64,0.648,0.64,0.599,0.392,0.183,0.175,0.102
Ristocetin|BGC0000418.1|AIE77059.1|_A3|Bht|A6,1.111,0.946,1.111,1.243,1.182,0.623,0.674,0.599,0.615,0.615,0.648,0.656,0.709,0.682,0.656,0.583,0.369,0.369,0.386,0.357
Ristomycin|BGC0000419.1|AIG79241.1|_A3|Bht|A6,1.139,0.958,1.111,1.243,1.182,0.591,0.656,0.56,0.591,0.591,0.631,0.665,0.7,0.7,0.665,0.576,0.363,0.363,0.38,0.357,0.035
Vancomycin|BGC0000455.1|AEI58866.1|vcm3_A3|Bht|A6,1.006,1.006,1.097,1.097,1.057,0.623,0.648,0.656,0.648,0.631,0.718,0.746,0.746,0.7,0.709,0.615,0.436,0.386,0.429,0.398,0.267,0.272
Pekiskomycin|JX026280|AGF91755.1|pek20_A3|Bht|A6,1.071,0.994,1.111,1.111,1.057,0.615,0.615,0.631,0.631,0.615,0.709,0.727,0.709,0.7,0.682,0.583,0.404,0.324,0.41,0.357,0.21,0.223,0.091
Chloroeremomycin|BGC0000322.1|CAA11795.1|_A3|Bht|A6,1.084,1.006,1.139,1.153,1.097,0.599,0.631,0.599,0.607,0.599,0.691,0.709,0.691,0.7,0.682,0.576,0.363,0.318,0.374,0.346,0.228,0.21,0.102,0.066
Balhimycin|BGC0000311.1|CAC48361.1|bpsB_A3|Bht|A6,1.139,0.97,1.125,1.182,1.111,0.583,0.607,0.607,0.568,0.591,0.665,0.691,0.682,0.674,0.682,0.591,0.398,0.351,0.38,0.351,0.223,0.214,0.084,0.077,0.066
A40926|BGC0000289.1|CAD91211.1|dbv16_A1|Dpg|A7,1.071,1.139,1.057,1.153,1.153,1.153,1.006,1.125,1.197,1.125,1.243,1.228,1.243,1.324,1.275,1.097,0.982,0.958,1.084,1.044,1.084,1.111,1.111,1.071,1.139,1.125
Ristomycin|BGC0000419.1|AIG79240.1|_A1|Dpg|A7,1.097,1.153,1.212,1.243,1.275,1.097,1.031,1.084,1.139,1.044,1.197,1.182,1.212,1.259,1.197,1.044,1.031,1.019,1.084,1.071,1.084,1.111,1.139,1.111,1.153,1.139,0.166
Ristocetin|BGC0000418.1|AIE77060.1|_A1|Dpg|A7,1.111,1.153,1.182,1.212,1.259,1.084,1.031,1.084,1.139,1.044,1.197,1.182,1.212,1.259,1.197,1.057,1.019,0.994,1.084,1.044,1.044,1.071,1.125,1.097,1.139,1.125,0.162,0.022
Pekiskomycin|JX026280|AGF91756.1|pek21_A1|Dpg|A7,1.097,1.182,1.153,1.168,1.182,1.182,1.071,1.168,1.228,1.139,1.259,1.228,1.324,1.341,1.291,1.044,1.019,1.044,1.168,1.125,1.097,1.125,1.182,1.139,1.228,1.212,0.158,0.122,0.106
Chloroeremomycin|BGC0000322.1|CAA11796.1|_A1|Dpg|A7,1.084,1.168,1.125,1.168,1.197,1.182,1.097,1.153,1.243,1.153,1.307,1.259,1.307,1.341,1.291,1.071,0.994,0.982,1.097,1.097,1.071,1.111,1.182,1.125,1.182,1.168,0.175,0.102,0.099,0.099
Balhimycin|BGC0000311.1|CAC48362.1|bpsC_A1|Dpg|A7,1.125,1.212,1.139,1.182,1.228,1.168,1.084,1.153,1.212,1.139,1.228,1.182,1.228,1.275,1.228,1.111,1.044,1.031,1.139,1.125,1.139,1.182,1.182,1.168,1.228,1.197,0.175,0.125,0.11,0.125,0.099
Vancomycin|BGC0000455.1|AEI58867.1|vcm4_A1|Dpg|A7,1.071,1.153,1.139,1.197,1.243,1.153,1.044,1.111,1.168,1.111,1.259,1.259,1.275,1.307,1.259,1.044,0.994,0.958,1.084,1.071,1.097,1.139,1.139,1.084,1.139,1.111,0.183,0.114,0.102,0.133,0.102,0.091
A47934|BGC0000290.1|AAM80536.1|_A1|Dpg|A7,1.084,1.182,1.168,1.228,1.197,1.111,0.982,1.071,1.097,1.006,1.182,1.139,1.197,1.259,1.182,1.097,0.982,0.982,1.057,0.982,0.97,0.994,1.071,1.006,1.084,1.044,0.267,0.277,0.262,0.238,0.247,0.277,0.267
Teicoplanin|BGC0000440.1|CAE53353.1|tcp12_A1|Dpg|A7,1.084,1.153,1.097,1.197,1.197,1.139,0.994,1.057,1.139,1.071,1.197,1.153,1.197,1.228,1.153,1.057,0.982,0.958,1.044,1.019,0.994,1.019,1.044,1.019,1.097,1.071,0.196,0.201,0.188,0.17,0.192,0.205,0.205,0.175
UK-68597|BGC0001178.1|AGS77310.1|_A1|Dpg|A7,1.197,1.168,1.153,1.182,1.243,1.212,1.097,1.139,1.228,1.153,1.182,1.153,1.212,1.243,1.182,1.139,1.044,0.994,1.111,1.097,1.125,1.153,1.182,1.125,1.197,1.153,0.252,0.233,0.214,0.188,0.175,0.205,0.201,0.192,0.095
A47934|BGC0000290.1|AAM80537.1|_A2|Hpg|A5,1.341,1.212,1.243,1.275,1.243,1.097,1.097,1.044,1.111,1.071,1.228,1.228,1.212,1.139,1.139,1.006,0.934,0.958,1.044,0.923,0.994,1.031,0.994,0.994,1.031,0.982,0.583,0.583,0.591,0.583,0.607,0.607,0.545,0.599,0.56,0.583
A40926|BGC0000289.1|CAD91212.1|dbv17_A2|Hpg|A5,1.084,1.197,1.197,1.259,1.212,1.057,1.084,1.006,1.071,0.958,1.153,1.139,1.168,1.168,1.111,0.994,0.9,0.878,1.006,0.923,0.994,1.006,0.946,0.97,0.97,0.97,0.538,0.553,0.568,0.553,0.568,0.524,0.524,0.56,0.516,0.583,0.252
Ristomycin|BGC0000419.1|AIG79241.1|_A2|Hpg|A5,1.111,1.168,1.197,1.228,1.168,0.97,1.006,1.006,1.044,1.006,1.212,1.168,1.139,1.153,1.111,0.994,0.867,0.856,0.934,0.9,0.97,0.994,0.934,0.934,0.946,0.934,0.545,0.545,0.545,0.524,0.524,0.468,0.488,0.509,0.516,0.553,0.313,0.188
Ristocetin|BGC0000418.1|AIE77059.1|_A2|Hpg|A5,1.111,1.084,1.243,1.243,1.153,0.994,1.006,0.994,1.057,0.994,1.197,1.168,1.125,1.125,1.125,0.994,0.911,0.889,0.97,0.9,1.006,1.031,0.97,0.97,0.958,0.97,0.568,0.583,0.583,0.568,0.583,0.509,0.524,0.576,0.583,0.631,0.318,0.196,0.059
Pekiskomycin|JX026280|AGF91755.1|pek20_A2|Hpg|A5,1.139,1.153,1.228,1.291,1.212,0.994,1.057,0.994,1.044,0.97,1.197,1.182,1.197,1.153,1.125,0.958,0.9,0.9,0.958,0.911,0.982,1.006,0.982,0.97,0.994,0.97,0.607,0.576,0.599,0.576,0.583,0.56,0.553,0.56,0.56,0.599,0.238,0.166,0.17,0.183
Vancomycin|BGC0000455.1|AEI58866.1|vcm3_A2|Hpg|A5,1.182,1.182,1.275,1.307,1.182,0.923,0.97,0.934,0.97,0.923,1.097,1.084,1.071,1.071,1.044,0.9,0.825,0.804,0.889,0.825,0.923,0.923,0.867,0.878,0.867,0.856,0.538,0.524,0.531,0.56,0.568,0.502,0.502,0.553,0.538,0.576,0.287,0.21,0.122,0.154,0.17
Balhimycin|BGC0000311.1|CAC48361.1|bpsB_A2|Hpg|A5,1.153,1.182,1.275,1.307,1.228,1.019,1.006,0.934,1.019,0.946,1.153,1.125,1.125,1.111,1.097,0.946,0.867,0.878,0.97,0.9,1.057,1.071,1.044,1.044,1.031,1.057,0.56,0.538,0.56,0.538,0.56,0.531,0.516,0.568,0.545,0.591,0.287,0.179,0.179,0.188,0.141,0.149
Chloroeremomycin|BGC0000322.1|CAA11795.1|_A2|Hpg|A5,1.168,1.182,1.291,1.275,1.197,1.006,1.071,1.006,1.084,0.982,1.197,1.168,1.153,1.168,1.125,0.97,0.911,0.9,0.994,0.911,1.031,1.044,0.97,0.982,0.97,0.97,0.553,0.538,0.545,0.538,0.545,0.524,0.509,0.545,0.545,0.576,0.257,0.149,0.162,0.162,0.122,0.129,0.095
Teicoplanin|BGC0000440.1|CAE53352.1|tcp11_A2|Hpg|A5,1.139,1.125,1.197,1.182,1.168,0.911,0.994,0.923,0.97,0.889,1.097,1.057,1.019,1.031,0.982,0.9,0.825,0.835,0.934,0.846,0.97,0.994,0.878,0.889,0.889,0.878,0.516,0.502,0.524,0.502,0.524,0.488,0.482,0.488,0.455,0.516,0.252,0.183,0.196,0.223,0.223,0.21,0.21,0.192
UK-68597|BGC0001178.1|AGS77309.1|_A2|Hpg|A5,1.243,1.228,1.275,1.275,1.228,1.019,1.044,1.006,1.031,0.923,1.057,1.057,1.111,1.071,1.057,0.934,0.946,0.911,0.982,0.934,1.071,1.097,1.019,1.019,1.006,0.994,0.583,0.56,0.583,0.583,0.583,0.568,0.545,0.56,0.516,0.545,0.228,0.205,0.282,0.282,0.21,0.262,0.219,0.214,0.17
A47934|BGC0000290.1|AAM80537.1|_A1|Hpg|A4,0.946,1.019,1.057,1.097,1.044,0.825,0.765,0.804,0.825,0.815,0.958,0.946,0.994,0.958,0.97,0.958,0.889,0.911,0.923,0.846,1.031,1.031,0.934,0.946,0.958,0.911,0.583,0.615,0.607,0.576,0.623,0.607,0.568,0.538,0.568,0.599,0.468,0.436,0.462,0.468,0.448,0.442,0.468,0.455,0.417,0.488
UK-68597|BGC0001178.1|AGS77309.1|_A1|Hpg|A4,0.994,1.006,1.031,1.111,1.084,0.746,0.746,0.794,0.835,0.785,0.958,0.946,0.946,0.958,0.958,0.934,0.825,0.878,0.889,0.825,1.019,1.006,0.958,0.934,0.934,0.9,0.599,0.623,0.615,0.623,0.631,0.607,0.568,0.576,0.576,0.615,0.509,0.448,0.455,0.468,0.455,0.429,0.468,0.462,0.41,0.509,0.166
Teicoplanin|BGC0000440.1|CAE53352.1|tcp11_A1|Hpg|A4,0.958,1.111,1.057,1.153,1.139,0.755,0.737,0.794,0.804,0.775,0.97,0.958,0.982,0.946,0.923,0.9,0.867,0.946,0.958,0.856,1.044,1.031,0.994,0.97,0.958,0.958,0.583,0.599,0.607,0.615,0.631,0.591,0.576,0.568,0.568,0.64,0.502,0.423,0.448,0.468,0.436,0.429,0.468,0.462,0.386,0.495,0.201,0.118
A40926|BGC0000289.1|CAD91212.1|dbv17_A1|Hpg|A4,0.923,1.006,0.97,1.071,1.071,0.804,0.737,0.765,0.815,0.775,0.982,0.97,0.994,0.946,0.934,0.923,0.785,0.804,0.867,0.785,0.958,0.958,0.9,0.889,0.9,0.867,0.545,0.591,0.583,0.576,0.583,0.553,0.516,0.538,0.568,0.568,0.462,0.41,0.423,0.436,0.417,0.41,0.436,0.436,0.398,0.468,0.183,0.129,0.154
Ristomycin|BGC0000419.1|AIG79241.1|_A1|Hpg|A4,1.006,1.019,1.057,1.071,1.057,0.846,0.746,0.835,0.889,0.804,0.982,0.946,1.057,0.994,0.97,1.006,0.889,0.934,0.946,0.889,1.031,1.044,1.006,0.994,0.994,0.982,0.607,0.665,0.656,0.607,0.64,0.607,0.623,0.576,0.615,0.631,0.516,0.488,0.482,0.495,0.455,0.462,0.495,0.495,0.448,0.531,0.223,0.188,0.201,0.154
Ristocetin|BGC0000418.1|AIE77059.1|_A1|Hpg|A4,1.019,1.044,1.019,1.097,1.071,0.878,0.825,0.878,0.923,0.846,1.019,1.006,1.111,1.031,1.019,1.019,0.9,0.934,0.97,0.911,1.071,1.084,1.019,1.019,1.006,1.006,0.599,0.665,0.656,0.623,0.656,0.607,0.607,0.623,0.64,0.656,0.524,0.475,0.468,0.475,0.455,0.423,0.468,0.475,0.448,0.509,0.228,0.179,0.188,0.154,0.066
Vancomycin|BGC0000455.1|AEI58866.1|vcm3_A1|Hpg|A4,1.057,1.071,1.057,1.153,1.097,0.856,0.804,0.9,0.934,0.835,1.031,0.994,1.031,0.994,1.006,1.019,0.846,0.923,0.97,0.923,1.006,1.019,0.982,0.97,0.97,0.958,0.583,0.615,0.631,0.607,0.599,0.599,0.583,0.615,0.583,0.623,0.488,0.448,0.455,0.475,0.448,0.448,0.462,0.482,0.404,0.495,0.257,0.166,0.17,0.17,0.175,0.158
Pekiskomycin|JX026280|AGF91755.1|pek20_A1|Hpg|A4,1.006,1.006,0.994,1.057,1.019,0.775,0.709,0.794,0.785,0.755,0.923,0.889,0.923,0.889,0.9,0.9,0.815,0.846,0.9,0.825,0.958,0.946,0.911,0.878,0.867,0.846,0.568,0.599,0.599,0.599,0.583,0.568,0.524,0.56,0.591,0.623,0.488,0.462,0.462,0.462,0.448,0.436,0.468,0.442,0.404,0.516,0.205,0.149,0.192,0.122,0.162,0.162,0.17
Balhimycin|BGC0000311.1|CAC48361.1|bpsB_A1|Hpg|A4,0.982,1.084,1.057,1.125,1.057,0.856,0.775,0.911,0.9,0.846,1.044,1.019,1.071,1.006,0.994,1.031,0.867,0.911,0.946,0.923,1.057,1.084,0.982,0.97,1.006,0.982,0.538,0.607,0.607,0.568,0.599,0.576,0.553,0.591,0.56,0.591,0.524,0.468,0.455,0.482,0.482,0.462,0.495,0.488,0.429,0.553,0.21,0.166,0.179,0.154,0.162,0.175,0.129,0.149
Chloroeremomycin|BGC0000322.1|CAA11795.1|_A1|Hpg|A4,0.958,1.071,1.084,1.125,1.097,0.835,0.765,0.867,0.9,0.825,1.019,0.982,1.044,0.97,0.958,1.006,0.878,0.911,0.934,0.889,0.994,1.006,0.923,0.923,0.934,0.923,0.591,0.656,0.648,0.591,0.607,0.607,0.576,0.583,0.583,0.576,0.502,0.488,0.475,0.495,0.468,0.482,0.495,0.482,0.429,0.545,0.205,0.141,0.188,0.133,0.129,0.149,0.133,0.125,0.095
Ristocetin|BGC0000418.1|AIE77058.1|_A1|Dpg|A3,1.097,1.111,1.182,1.182,1.243,0.867,0.804,0.923,0.946,0.878,0.97,0.946,1.019,0.958,0.97,0.982,0.934,0.958,0.994,0.958,1.071,1.057,1.044,0.994,0.982,0.97,0.591,0.591,0.591,0.591,0.615,0.56,0.576,0.607,0.583,0.623,0.682,0.583,0.607,0.615,0.648,0.615,0.64,0.599,0.599,0.631,0.509,0.448,0.455,0.482,0.524,0.531,0.488,0.482,0.495,0.495
Ristomycin|BGC0000419.1|AIG79242.1|_A1|Dpg|A3,1.111,1.111,1.168,1.153,1.212,0.867,0.815,0.911,0.946,0.867,0.958,0.934,1.019,0.958,0.958,0.994,0.923,0.946,0.994,0.934,1.071,1.057,1.044,1.006,1.006,0.97,0.591,0.583,0.583,0.583,0.599,0.56,0.583,0.591,0.56,0.599,0.656,0.56,0.583,0.607,0.631,0.591,0.615,0.583,0.583,0.615,0.509,0.455,0.455,0.488,0.524,0.538,0.488,0.488,0.502,0.488,0.019
A40926|BGC0000289.1|CAD91221.1|dbv26_A1|Dpg|A3,1.044,1.084,1.168,1.084,1.182,0.856,0.691,0.804,0.911,0.785,0.923,0.889,0.994,0.946,0.9,0.958,0.889,0.9,0.982,0.889,1.071,1.097,0.994,1.019,1.057,1.044,0.482,0.495,0.482,0.482,0.495,0.475,0.475,0.502,0.482,0.509,0.538,0.488,0.509,0.531,0.56,0.502,0.502,0.524,0.462,0.509,0.417,0.363,0.374,0.38,0.429,0.442,0.398,0.417,0.417,0.392,0.297,0.282
A47934|BGC0000290.1|AAM80538.1|_A1|Dpg|A3,1.044,1.125,1.168,1.153,1.182,0.889,0.856,0.923,0.923,0.825,0.958,0.946,0.97,0.97,0.958,0.934,0.846,0.878,0.923,0.835,0.97,0.982,0.934,0.934,0.958,0.958,0.576,0.553,0.538,0.553,0.553,0.495,0.509,0.56,0.531,0.583,0.553,0.462,0.553,0.576,0.553,0.509,0.531,0.502,0.475,0.495,0.442,0.374,0.417,0.398,0.482,0.488,0.423,0.429,0.442,0.455,0.267,0.262,0.183
UK-68597|BGC0001178.1|AGS77308.1|_A1|Dpg|A3,1.097,1.139,1.275,1.197,1.275,0.9,0.775,0.878,0.923,0.878,1.006,0.994,1.057,1.031,1.006,0.911,0.878,0.946,0.946,0.867,1.019,1.019,0.994,1.006,1.031,1.006,0.583,0.531,0.516,0.553,0.531,0.509,0.524,0.56,0.516,0.568,0.591,0.509,0.576,0.623,0.576,0.531,0.56,0.56,0.516,0.576,0.462,0.404,0.423,0.436,0.495,0.524,0.462,0.455,0.455,0.462,0.313,0.302,0.179,0.17
Teicoplanin|BGC0000440.1|CAE53351.1|tcp10_A1|Dpg|A3,1.097,1.139,1.182,1.168,1.197,0.867,0.785,0.878,0.911,0.867,0.994,0.97,1.006,0.982,0.958,0.97,0.867,0.878,0.923,0.835,0.946,0.958,0.934,0.923,0.958,0.946,0.531,0.545,0.524,0.538,0.531,0.495,0.488,0.516,0.488,0.538,0.531,0.468,0.516,0.568,0.568,0.502,0.538,0.531,0.468,0.538,0.423,0.369,0.386,0.392,0.462,0.468,0.398,0.41,0.404,0.404,0.257,0.252,0.145,0.118,0.11
Complestatin|BGC0000326.1|AAK81826.1|_A1|Hpg|A4,1.084,1.019,1.182,1.139,1.097,1.006,1.044,0.958,1.097,1.044,1.182,1.153,1.168,1.197,1.182,0.934,1.006,1.019,1.071,1.019,0.982,1.006,0.994,0.994,1.031,0.994,0.545,0.531,0.524,0.502,0.553,0.538,0.553,0.524,0.488,0.553,0.56,0.455,0.482,0.509,0.482,0.509,0.509,0.509,0.448,0.531,0.455,0.482,0.468,0.468,0.509,0.516,0.482,0.488,0.488,0.482,0.665,0.64,0.56,0.583,0.591,0.576
Complestatin|BGC0000326.1|AAK81825.1|_A1|Hpg|A3,0.994,1.084,1.153,1.153,1.071,0.946,0.934,0.97,1.044,0.97,1.153,1.125,1.139,1.097,1.084,0.97,0.923,0.958,0.934,0.946,1.031,1.071,1.019,1.031,1.031,1.031,0.607,0.615,0.607,0.56,0.599,0.56,0.599,0.56,0.576,0.607,0.599,0.482,0.502,0.502,0.531,0.538,0.553,0.545,0.475,0.553,0.436,0.429,0.429,0.417,0.448,0.442,0.423,0.455,0.436,0.423,0.623,0.607,0.509,0.545,0.553,0.538,0.267
Complestatin|BGC0000326.1|AAK81824.1|_A1|Hpg|A1,1.044,1.097,1.197,1.153,1.125,0.994,0.934,0.982,1.019,0.97,1.168,1.139,1.125,1.084,1.084,1.031,1.084,1.071,1.111,1.057,1.097,1.139,1.044,1.071,1.111,1.097,0.545,0.524,0.502,0.545,0.524,0.468,0.502,0.531,0.495,0.538,0.583,0.482,0.482,0.488,0.531,0.524,0.545,0.531,0.468,0.538,0.436,0.423,0.429,0.404,0.482,0.475,0.429,0.442,0.436,0.442,0.591,0.576,0.509,0.524,0.538,0.516,0.287,0.214
Complestatin|BGC0000326.1|AAK81826.1|_A2|Hpg|A5,1.006,1.031,1.153,1.125,1.097,0.889,0.9,0.946,1.006,0.9,1.084,1.057,1.084,1.071,1.044,0.923,0.97,0.97,1.006,0.958,1.031,1.071,0.982,0.994,1.006,1.019,0.553,0.516,0.516,0.509,0.509,0.482,0.538,0.531,0.509,0.553,0.538,0.423,0.455,0.455,0.475,0.516,0.495,0.495,0.429,0.488,0.423,0.423,0.41,0.398,0.462,0.468,0.41,0.436,0.417,0.404,0.531,0.516,0.475,0.502,0.531,0.509,0.238,0.175,0.137
Complestatin|BGC0000326.1|AAK81827.1|_A1|Hpg|A7,0.911,1.006,1.153,1.153,1.111,1.031,0.946,0.958,1.019,0.946,1.084,1.071,1.125,1.153,1.139,0.946,0.911,0.946,0.994,0.958,1.006,1.044,1.097,1.044,1.097,1.044,0.509,0.56,0.553,0.538,0.545,0.495,0.516,0.531,0.502,0.531,0.516,0.429,0.448,0.462,0.475,0.482,0.468,0.509,0.423,0.502,0.398,0.429,0.423,0.417,0.436,0.442,0.436,0.462,0.429,0.442,0.568,0.56,0.462,0.488,0.502,0.475,0.404,0.392,0.404,0.404
Vancomycin|BGC0000455.1|AEI58865.1|vcm2_A1|Leu|A1,1.125,1.057,1.182,1.139,1.125,1.084,1.031,0.994,1.006,1.057,1.243,1.228,1.324,1.307,1.275,1.139,1.044,1.125,1.243,1.153,1.197,1.197,1.084,1.182,1.182,1.139,0.7,0.746,0.727,0.709,0.737,0.709,0.682,0.746,0.746,0.737,0.656,0.568,0.599,0.607,0.583,0.599,0.599,0.615,0.553,0.623,0.538,0.576,0.545,0.502,0.553,0.545,0.553,0.516,0.538,0.538,0.7,0.665,0.553,0.583,0.576,0.568,0.607,0.576,0.576,0.576,0.509
Balhimycin|BGC0000311.1|CAC48360.1|bpsA_A1|Leu|A1,1.139,1.097,1.139,1.125,1.057,0.994,0.911,0.934,0.946,0.923,1.125,1.111,1.197,1.182,1.153,1.071,0.994,0.982,1.057,0.994,1.139,1.139,1.044,1.125,1.111,1.071,0.607,0.682,0.656,0.648,0.682,0.631,0.656,0.656,0.615,0.631,0.665,0.599,0.568,0.576,0.607,0.538,0.607,0.631,0.568,0.631,0.576,0.576,0.56,0.509,0.553,0.531,0.524,0.516,0.531,0.568,0.674,0.648,0.553,0.615,0.583,0.591,0.583,0.599,0.583,0.591,0.538,0.21
Chloroeremomycin|BGC0000322.1|CAA11794.1|_A1|Leu|A1,1.139,1.125,1.153,1.153,1.084,1.006,1.006,0.958,0.97,0.982,1.168,1.182,1.197,1.197,1.168,1.044,0.994,1.044,1.097,0.994,1.125,1.111,1.044,1.111,1.111,1.084,0.674,0.691,0.665,0.665,0.682,0.656,0.656,0.665,0.64,0.631,0.64,0.591,0.583,0.599,0.599,0.56,0.607,0.607,0.545,0.623,0.607,0.576,0.568,0.524,0.568,0.576,0.545,0.538,0.553,0.583,0.691,0.665,0.524,0.56,0.545,0.545,0.599,0.591,0.553,0.56,0.568,0.214,0.162
Pekiskomycin|JX026280|AGF91753.1|pek18_A1|Ala|A1,1.057,1.097,1.111,1.125,1.111,1.084,1.006,1.031,1.044,1.019,1.212,1.197,1.228,1.243,1.243,1.097,1.019,1.031,1.125,0.982,1.259,1.243,1.097,1.153,1.139,1.111,0.656,0.709,0.7,0.691,0.691,0.674,0.674,0.727,0.656,0.656,0.631,0.583,0.591,0.615,0.576,0.56,0.607,0.591,0.545,0.607,0.553,0.524,0.516,0.516,0.553,0.531,0.538,0.502,0.56,0.56,0.691,0.656,0.576,0.631,0.599,0.599,0.599,0.665,0.599,0.615,0.568,0.346,0.297,0.277
Ristomycin|BGC0000419.1|AIG79243.1|_A1|Hpg|A1,1.153,0.982,1.139,1.111,1.031,1.006,0.934,0.994,0.982,0.982,1.139,1.125,1.111,1.111,1.139,0.994,1.006,1.031,1.125,1.006,1.139,1.153,1.006,1.084,1.097,1.031,0.524,0.545,0.553,0.553,0.545,0.524,0.531,0.591,0.553,0.524,0.516,0.516,0.442,0.442,0.482,0.436,0.475,0.468,0.462,0.538,0.502,0.509,0.475,0.495,0.538,0.475,0.455,0.468,0.495,0.502,0.607,0.583,0.502,0.553,0.553,0.509,0.509,0.502,0.462,0.488,0.442,0.369,0.335,0.34,0.277
Ristocetin|BGC0000418.1|AIE77057.1|_A1|Hpg|A1,1.125,1.044,1.153,1.168,1.057,1.084,1.006,1.057,1.057,1.071,1.212,1.197,1.212,1.228,1.228,1.057,1.057,1.071,1.153,1.019,1.182,1.197,1.019,1.125,1.139,1.071,0.568,0.599,0.599,0.607,0.576,0.56,0.576,0.623,0.568,0.568,0.545,0.538,0.455,0.455,0.495,0.468,0.495,0.488,0.488,0.576,0.56,0.545,0.509,0.524,0.56,0.509,0.488,0.502,0.531,0.538,0.674,0.64,0.545,0.599,0.568,0.553,0.545,0.568,0.502,0.538,0.495,0.363,0.329,0.34,0.277,0.049
A40926|BGC0000289.1|CAD91220.1|dbv25_A1|Hpg|A1,1.197,1.084,1.111,1.139,1.057,0.982,0.934,0.911,0.958,0.958,1.212,1.168,1.153,1.182,1.153,1.057,0.97,0.982,1.084,1.006,1.153,1.153,1.071,1.111,1.125,1.057,0.591,0.64,0.631,0.615,0.599,0.591,0.607,0.607,0.576,0.576,0.576,0.531,0.516,0.524,0.538,0.538,0.509,0.538,0.455,0.56,0.502,0.482,0.482,0.488,0.516,0.502,0.455,0.462,0.488,0.482,0.648,0.615,0.482,0.545,0.56,0.538,0.488,0.516,0.482,0.482,0.429,0.346,0.282,0.247,0.277,0.233,0.228
A47934|BGC0000290.1|AAM80539.1|_A1|Hpg|A1,1.153,1.125,1.084,1.168,1.057,0.994,0.934,0.889,0.911,0.9,1.111,1.097,1.111,1.125,1.097,1.057,0.994,0.982,1.031,1.031,1.139,1.139,1.031,1.097,1.125,1.057,0.553,0.615,0.607,0.615,0.607,0.568,0.576,0.56,0.545,0.545,0.531,0.482,0.488,0.502,0.502,0.482,0.509,0.524,0.417,0.495,0.455,0.455,0.442,0.423,0.488,0.468,0.429,0.442,0.442,0.475,0.615,0.591,0.475,0.509,0.524,0.502,0.468,0.475,0.482,0.482,0.398,0.329,0.257,0.272,0.302,0.247,0.252,0.154
UK-68597|BGC0001178.1|AGS77307.1|_A1|Hpg|A1,1.197,1.111,1.071,1.153,1.031,1.057,1.019,1.031,1.019,1.044,1.182,1.182,1.197,1.212,1.197,1.084,0.982,0.982,1.057,1.006,1.139,1.153,1.084,1.071,1.071,1.006,0.553,0.623,0.615,0.623,0.599,0.583,0.56,0.553,0.56,0.524,0.531,0.509,0.488,0.509,0.495,0.468,0.516,0.524,0.448,0.524,0.468,0.448,0.436,0.442,0.488,0.462,0.423,0.404,0.455,0.468,0.615,0.583,0.495,0.531,0.516,0.495,0.516,0.545,0.502,0.509,0.468,0.313,0.262,0.287,0.233,0.223,0.228,0.162,0.162
Teicoplanin|BGC0000440.1|CAE53350.1|tcp9_A1|Hpg|A1,1.212,1.097,1.071,1.125,1.019,1.044,1.019,0.946,1.019,0.994,1.243,1.228,1.212,1.243,1.228,1.044,0.994,0.982,1.097,1.006,1.111,1.125,1.019,1.057,1.084,1.031,0.56,0.64,0.631,0.583,0.576,0.591,0.583,0.538,0.509,0.502,0.531,0.495,0.482,0.509,0.488,0.482,0.516,0.509,0.423,0.516,0.488,0.468,0.468,0.462,0.502,0.468,0.429,0.455,0.442,0.475,0.656,0.623,0.482,0.545,0.538,0.524,0.468,0.502,0.482,0.495,0.436,0.324,0.272,0.257,0.272,0.192,0.196,0.137,0.145,0.129